163.416885
99.412361
60.454529
33.861546
20.344570
14.208221
11.338879
9.466444
8.535024
7.754254
7.251585
7.198140
6.965573
6.860268
6.755142
6.580618
6.580564
6.560593
6.589707
6.483396
6.401799
6.389876
6.336172
6.337798
6.267407
6.175705
6.142526
6.202172
6.059394
5.892151
5.952456
5.892288
5.984158
5.785896
5.742648
5.787096
5.703099
5.723860
5.661155
5.735029
5.549486
5.577868
5.510102
5.454931
5.561419
5.418948
5.473614
5.478839
5.439574
5.403546
5.368306
5.321943
5.296956
5.364007
5.363852
5.346507
5.373985
5.422519
5.276300
5.248618
5.223973
5.244753
5.332080
5.310934
5.297639
5.240063
5.252934
5.329870
5.282794
5.211149
5.291477
5.224376
5.235716
5.214783
5.226468
5.230042
5.245670
5.309802
5.219898
5.117208
5.179370
5.217611
5.304924
5.242198
5.188949
5.174657
5.154696
5.188325
5.239061
5.231392
5.124907
5.194717
5.221950
5.169620
5.179248
5.138526
5.202660
5.187359
5.105832
5.166133
5.174474
5.220759
5.182693
5.246475
5.184491
5.079610
5.193427
5.125289
5.187222
5.278400
5.268836
5.354656
5.108004
5.321821
5.145815
5.147834
5.209707
5.252305
5.343534
5.081490
5.279786
5.038648
5.162233
5.241964
5.221017
5.180012
5.195540
5.251558
5.146688
5.069022
5.268877
5.181191
5.242575
5.143670
5.249203
5.439106
5.245370
5.241381
5.223972
5.105340
5.169311
5.169327
5.161744
5.189669
5.192434
5.337775
5.110932
5.231361
5.190558
5.193224
5.145446
5.275395
5.205678
5.316990
5.173184
5.149426
5.225031
5.110819
5.049417
5.205554
5.205280
5.183881
5.223587
5.154775
5.089355
5.098005
5.212692
5.123176
5.127857
5.191818
5.187871
5.126439
5.311994
5.030092
5.103477
5.113888
5.115005
5.092928
5.271577
5.116984
5.133247
5.278267
5.010303
5.190372
5.157143
5.058736
5.257249
5.023518
5.211516
5.101014
5.001797
5.021132
5.045252
5.084556
5.113101
5.099389
4.997525
5.011637
5.159074
5.117467
5.097722
5.032234
5.125864
4.877161
5.308037
5.155931
5.184289
5.124614
5.007212
5.150590
5.166249
5.207544
5.136334
5.193555
5.072074
5.173246
5.324132
5.133509
5.156745
5.165286
5.263393
5.149780
5.022408
5.173924
5.010274
5.050515
5.125576
5.203964
5.085700
5.069461
5.194556
5.141895
5.209780
5.180765
5.165609
5.319870
5.117649
5.217348
5.190413
5.155326
5.137984
5.045982
5.065145
5.236506
5.085653
5.105369
5.004817
5.106192
4.996255
5.030781
5.148927
5.174614
5.041615
5.033799
5.066566
5.114062
5.112658
5.107427
5.006997
5.033294
5.078242
5.082123
4.982042
5.109618
5.247608
5.122626
5.099182
5.080663
5.002394
5.095052
5.246598
5.088363
5.105395
5.134801
5.067053
5.195431
4.993713
5.144466
5.230481
5.144770
5.054153
5.040097
5.194397
5.111063
5.100511
5.144655
5.225703
5.047937
5.017732
5.021598
4.901143
4.873000
5.150628
5.169518
5.047953
5.209667
5.270492
4.888118
5.104860
4.940660
5.027249
5.020760
5.015416
5.090725
5.023260
4.958331
5.035544
4.959943
5.127449
5.103768
5.069200
4.993366
5.032593
5.140566
5.041070
5.012112
4.994073
5.010453
4.955963
4.992453
4.980899
5.095175
5.102894
5.073646
5.083755
4.988264
4.819518
5.122286
5.120653
5.055722
5.010744
4.951012
4.950698
5.071999
5.017794
5.079142
5.135068
4.884037
5.071301
5.025665
5.148242
5.083719
4.963446
4.890975
4.816814
5.056568
5.010494
4.969094
5.172634
5.134948
4.978671
5.026985
4.941814
5.060598
4.997107
5.074421
5.004846
5.014975
4.922689
5.049692
5.084599
5.150224
4.950406
4.950926
4.960132
4.931255
5.066403
4.910174
5.126805
4.951016
5.020682
4.986304
4.970187
4.993332
5.078969
5.019596
5.085825
4.893785
5.039115
5.131352
5.070118
4.879827
4.972102
5.103456
5.118781
4.980246
4.930911
5.047526
5.106236
5.187196
5.103284
5.402544
5.112522
5.068265
4.953558
4.996715
5.065520
5.078453
5.071754
4.945136
5.071657
4.818252
5.012990
5.028577
5.195564
5.148447
5.096693
5.077873
5.081912
5.157415
4.959608
5.176624
5.177837
5.030341
5.172527
5.036772
4.968510
5.089686
5.069584
5.197735
5.019004
5.049703
4.909021
4.958569
4.861280
5.024461
5.012658
4.921108
4.994368
5.158658
4.853158
5.093547
5.131260
4.939720
4.988149
4.804601
4.949539
4.882000
4.886395
5.062517
4.918946
4.864908
5.069853
4.962973
4.938454
4.928111
4.945980
5.042502
5.136443
4.990839
4.930981
5.028456
5.037361
5.008961
4.968604
4.984862
4.874328
5.107192
4.963049
4.950245
5.081928
4.906327
5.020193
4.935425
5.058427
5.010899
5.028389
5.088386
4.918823
5.107282
5.113427
4.938606
4.838120
5.137807
5.044542
4.823183
5.026405
5.243314
5.015020
5.030176
5.164794
5.162631
5.215918
5.267307
5.122386
5.114634
5.133410
5.095682
5.299871
5.107626
5.156846
5.379718
5.197580
4.990281
4.932811
5.138813
5.210612
5.108344
5.152725
4.916468
5.049314
5.010550
4.895929
5.046219
4.873446
5.078678
5.194048
5.129749
5.130106
4.926642
5.136917
5.113455
5.004125
5.182857
4.798790
5.077903
5.046447
5.001652
5.052364
5.021716
5.208072
5.016851
5.075609
5.066296
5.061602
5.056165
5.045855
5.002002
5.225655
5.050591
4.947990
5.092188
5.199926
5.164357
4.946137
5.044024
5.215848
5.142913
5.324000
5.074022
5.089049
5.144071
5.099713
5.122454
5.168255
5.015332
5.039760
5.099012
5.168056
4.896185
5.038869
5.217028
5.274731
5.212877
5.151084
5.246408
4.922223
5.221933
5.045193
5.014786
5.225921
4.970704
5.121459
4.886835
5.049785
4.928098
5.017900
5.076113
4.969078
4.988831
4.865548
5.047329
5.000051
5.002686
5.210129
4.991855
5.111940
5.049222
5.088418
5.089694
5.207785
4.928850
4.984344
5.486615
5.007195
4.967568
5.164414
5.013012
5.207464
5.166427
5.129523
5.042123
5.021127
5.093321
5.147950
5.196547
5.144283
4.959851
4.999784
5.081009
4.933334
5.080889
5.153299
5.022653
5.021919
5.127704
4.935886
4.967219
4.925775
5.024378
5.214885
5.044642
5.235472
5.095869
5.090714
5.189982
5.142885
4.808470
4.884048
5.205303
4.958734
5.058844
5.061054
5.255836
5.043508
4.900098
5.175870
4.973763
5.096077
5.002249
5.027058
4.991783
5.121587
5.135264
5.099933
5.246151
5.133732
5.029696
5.074985
5.091671
5.228042
5.173984
5.102164
5.197494
5.037177
5.150553
4.906423
5.078116
5.060414
4.975347
4.880948
5.256874
5.032844
5.012099
5.006387
4.989537
5.099566
5.019188
5.003842
5.081021
5.081067
5.034294
4.861677
5.018239
5.002960
4.980895
5.057693
5.094600
5.232886
5.023018
4.903942
5.122404
4.965041
4.974125
5.055481
5.035717
5.095934
4.850520
5.214619
5.027501
5.067765
4.892272
5.180121
5.016311
4.948855
4.952596
5.080108
5.137393
5.011882
5.048485
5.036821
5.152323
5.307841
5.017703
4.989655
5.212071
5.019038
5.038230
5.156985
4.890512
4.963572
5.086336
5.026153
5.142478
5.126377
4.950624
5.186507
5.239006
5.194230
4.983277
4.963648
5.050278
5.051882
4.925531
5.021824
5.028544
5.045413
5.110069
5.095165
5.051968
5.030953
5.110692
5.081498
5.204239
5.130567
4.977669
5.111973
5.026090
5.182550
5.069162
4.970288
5.098363
5.173377
4.946326
5.013583
5.026947
5.009407
5.121667
5.012255
5.169041
5.061279
5.022760
5.033843
5.066294
5.054348
5.233570
4.999520
5.164428
5.051230
5.110520
5.279461
5.036086
5.067838
5.111415
4.966280
4.978973
4.984342
4.844863
4.977407
5.032864
5.062233
4.842014
5.299608
5.259115
5.109329
5.063910
4.939574
5.012055
5.197475
5.102710
4.969423
4.926971
5.227102
4.940819
5.037178
4.893690
5.082388
5.123031
5.312424
5.040269
5.096103
5.050336
4.882432
5.149517
4.976800
4.950923
5.119774
4.907069
4.792922
4.935234
4.947938
5.095017
5.185992
4.919763
5.252031
5.103784
5.005637
5.213878
4.840408
5.042568
5.083692
4.929870
5.096719
5.251515
5.267589
4.867509
4.996385
4.888681
4.996358
5.134509
4.913332
5.132745
4.992435
4.805378
5.013569
5.089205
5.003047
5.345079
4.949485
5.231842
5.063319
4.997145
5.257773
5.019491
4.802984
5.190647
5.047244
5.113791
5.076354
5.151715
5.037347
5.043941
5.103055
5.205770
4.916636
4.952192
5.018849
5.064185
4.957189
5.046407
5.108917
4.845392
4.951787
5.125948
5.030203
5.327240
4.953711
5.168321
4.907581
4.899791
5.334559
4.948322
5.091573
5.009018
5.037679
5.103591
5.152447
5.237497
5.160549
5.004489
5.118352
5.093567
5.127170
5.093197
5.038110
4.988852
5.174633
5.235380
4.970120
5.109412
5.087405
5.066647
4.955961
5.229456
4.891871
5.116041
5.118889
5.059087
5.039306
4.983880
4.930683
4.970400
5.053688
4.996993
4.725991
5.066524
5.086183
4.905915
5.094625
5.244270
4.872002
4.962827
5.137623
4.909652
4.981706
5.012291
4.967146
4.948725
5.013209
5.395686
5.044168
5.219311
5.070561
4.943016
5.084093
5.156114
5.216343
5.102115
5.130053
4.968256
4.896705
5.068214
5.303188
5.098922
5.009932
4.929090
5.088778
4.990371
5.014554
5.045008
4.925880
4.957813
5.070945
4.946047
5.197246
5.095922
5.035495
4.865962
5.169558
4.965201
4.930712
5.091131
4.976912
5.037556
4.882827
4.872622
5.032791
5.089923
4.949017
4.949012
4.955724
4.951772
4.851396
4.971487
5.087238
5.004953
5.074487
4.934576
4.782408
5.079454
4.932597
5.174868
5.069077
4.811353
4.989718
5.469643
5.079454
5.058920
5.151397
4.952142
5.072270
5.136846
5.113293
4.914796
5.168486
4.842629
5.016446
5.246134
5.247688
5.079346
4.962883
4.969210
5.006630
5.132960
4.913112
4.908466
4.778769
4.932129
4.972428
5.314471
5.031633
4.851792
5.086853
5.233434
5.039607
5.231556
4.912642
4.979897
5.172406
5.129696
4.963701
5.049278
5.011124
4.918025
5.271851
5.262086
5.047686
5.035182
4.972888
5.140077
5.191881
5.023226
4.910058
5.079128
5.021842
5.112956
5.073776
5.240417
5.021713
5.040358
4.958622
4.919862
4.877214
4.984616
5.039831
5.086653
4.991563
5.070426
5.177526
5.079535
5.159747
5.157146
5.126270
5.097146
5.037003
4.931568
5.137642
4.984848
5.105424
4.935495
4.992459
5.175531
5.048435
4.952483
4.759293
4.851338
4.820847
5.037829
4.961594
4.941957
4.868320
5.187171
4.986473
5.111641
5.058334
5.077418
5.133075
5.283139
5.076906
5.208673
5.256407
5.262252
4.931887
4.939708
5.119812
5.133479
5.093148
5.231649
4.904765
5.093203
5.008551
5.071363
5.169412
5.098047
5.071921
4.856041
5.097934
5.121320
4.907969
5.110778
5.245041
4.907978
4.996747
5.095459
4.986023
5.052559
5.035303
4.908377
5.099233
5.086226
4.992756
4.978997
4.970901
4.984220
5.140373
5.142905
5.077980
5.117631
4.766342
5.144900
5.358612
5.098389
5.201467
4.946887
4.813625
4.951303
5.134244
4.960149
5.117348
5.119251
5.105573
5.220343
4.921289
4.980785
5.158612
5.076890
4.904874
4.901660
4.886121
4.984746
4.899197
4.819366
5.074262
4.887688
5.132546
5.049990
5.156367
4.985704
5.020216
5.017915
5.065929
5.149656
5.332061
4.975023
5.206463
5.080809
4.930988
5.145833
4.841245
5.126389
5.145802
4.964581
4.941067
5.265854
5.002715
5.046340
5.037997
5.098260
5.184757
5.085715
5.236541
4.828608
5.012728
5.158909
5.110404
4.958842
4.977204
5.149706
4.886652
4.814898
5.039897
5.260400
4.916222
4.902532
4.804592
4.870204
5.319089
4.895981
5.208643
5.126991
5.057673
4.941834
5.021251
5.322272
5.195634
4.892964
5.112176
5.131107
5.070938
5.130743
5.083310
5.255493
4.997323
5.084446
5.169636
4.924464
4.984266
4.959240
5.123832
5.096148
5.162780
5.044167
4.999539
4.813459
5.038617
4.940125
5.022720
5.077312
4.828911
4.894188
5.156796
5.017607
5.054837
5.144130
5.089927
5.032400
4.926771
5.133204
5.076494
4.877456
4.969363
4.954583
5.077835
4.961340
4.869341
4.998396
5.098933
4.818731
4.766775
4.880279
4.958144
4.862106
4.850884
4.848108
4.864141
5.005019
5.038193
5.086170
4.909155
4.926462
4.929846
5.058918
5.227296
5.208874
5.028303
5.083294
4.987266
5.086286
5.100644
5.146228
4.924350
5.043653
4.883009
4.915044
5.124585
4.966138
5.170656
4.844992
4.877522
4.802938
4.902090
4.863197
4.981036
5.060943
4.909502
5.126140
4.952639
4.872714
5.188962
5.065915
5.095031
4.874397
4.969617
4.810391
4.856016
4.963184
5.300090
4.978709
5.071235
5.042429
5.132019
4.893678
5.034905
5.275468
4.855330
4.934405
4.958920
5.262740
4.886637
5.041704
4.752648
5.185153
5.011771
4.895363
4.876655
5.105214
5.033979
4.969466
5.047549
5.146853
4.902031
5.191576
4.930863
5.156325
4.870920
5.048732
5.082197
5.181158
5.000457
4.959492
4.992719
5.017016
4.744008
5.129112
4.651359
5.033137
5.102700
4.928953
4.961030
4.985063
4.903392
4.825997
5.155749
4.682158
4.882068
4.899570
4.970536
5.117138
5.105104
4.904309
5.051424
5.410348
4.970978
4.876264
5.149384
4.948067
4.969991
5.105489
5.062827
5.301547
5.061851
5.105921
4.878560
5.187870
5.088867
4.941651
5.149021
5.021748
5.074893
5.109349
5.010952
5.119285
4.819649
5.070482
5.081764
5.160686
5.117082
5.010132
4.963573
5.028026
5.145063
5.052596
5.156589
5.036123
4.974091
4.969929
4.959214
5.181152
5.021669
4.991387
5.117286
4.760296
5.041198
5.043311
4.989054
5.035861
5.129725
4.995177
4.846208
5.142446
5.112688
4.888647
4.811342
4.927489
5.251417
5.116899
5.079057
4.795263
5.301339
4.878003
5.160526
4.971979
5.141267
4.916773
4.937402
5.184227
5.094254
5.099858
4.911656
4.976818
4.980304
4.975695
5.011539
4.996922
5.075382
5.104205
5.007830
5.116120
5.084778
4.997390
5.295957
4.883999
5.236913
4.894041
5.083501
5.044141
4.883459
4.997161
5.291510
4.955428
4.954441
4.950068
4.900617
4.664710
4.913521
4.900926
4.905035
4.859241
4.857271
5.259304
5.237432
5.008032
4.817702
4.963590
4.948800
4.957974
5.144315
4.953609
5.159012
5.046492
4.844665
5.026155
4.909701
4.713537
5.013131
4.992481
4.789486
5.099484
5.132322
4.937423
4.851549
5.022840
4.958696
4.899398
4.874195
4.896814
4.980653
4.844367
5.054706
5.046958
4.858528
5.031010
4.950375
5.203641
4.716537
4.935999
4.914486
4.857995
4.827269
4.935143
4.794753
4.873599
4.992165
5.218058
5.026208
5.070985
4.877270
5.048650
5.008118
4.890018
5.118157
4.799104
4.805673
4.812418
5.082464
5.150104
4.834324
4.814275
5.098026
5.014545
5.004241
5.052896
5.213184
4.941181
5.032375
4.866372
5.072987
5.224478
5.119205
5.038807
4.952090
4.851521
5.034788
5.084559
5.011907
4.869693
5.349597
4.980705
4.985646
4.740727
4.888805
4.976331
5.084317
4.740041
4.891242
5.120123
4.864782
5.033268
4.722216
4.937208
4.932537
4.914953
4.962520
4.893125
5.130541
4.924865
4.749278
5.048793
4.907028
5.144676
5.053339
5.131646
5.121607
5.112921
4.773052
4.784266
5.043896
4.908930
4.803953
5.045134
4.742380
5.232212
4.973709
5.062649
4.993579
4.992561
5.027257
5.023532
5.310852
5.158799
4.839662
5.064816
4.984050
5.166407
4.943918
5.012395
5.050714
4.951862
4.962067
5.086836
4.940748
4.890409
5.284764
5.309936
5.036254
4.919504
5.059889
4.898937
5.289362
5.102009
4.774786
5.007527
4.919725
5.043858
5.066498
4.917096
4.882400
4.870388
5.199503
4.756541
4.918309
4.944791
4.746826
4.953553
4.799747
4.773397
4.928075
4.648348
5.089396
4.816904
4.705709
4.684564
4.999474
4.720417
5.286424
4.908595
5.108827
4.623848
5.079286
4.747444
4.979852
4.823413
4.781600
4.864488
4.937129
4.740267
4.883210
4.738566
4.935617
4.889713
4.708271
4.623124
5.096210
4.799051
4.826914
5.078826
5.052160
4.943517
4.911060
4.863146
4.978545
4.864587
4.719962
4.982097
4.961452
4.993413
4.903913
4.673992
4.840487
4.924538
4.901601
4.829603
4.859082
5.014088
5.014632
5.126288
4.848236
4.927342
4.837103
5.012344
5.072071
4.755675
5.090906
5.111756
5.021699
5.058613
5.067660
5.043192
4.971313
5.014454
5.016192
5.066811
5.336596
5.059395
4.957778
4.973194
4.802303
5.019020
4.837222
5.048064
4.857936
4.924193
4.568424
4.989963
5.035920
4.753296
4.851461
4.867521
4.824364
4.891325
4.691770
4.970592
4.820998
4.926084
4.920863
4.893352
4.850964
4.808187
4.516888
4.995627
4.614436
4.898377
4.988391
5.019957
4.906723
4.881561
4.979472
5.031171
4.725477
4.923298
5.014452
4.881810
4.798408
4.711278
4.907417
5.348554
4.857354
5.103870
4.810776
4.895876
4.939783
5.040192
4.991571
4.828199
4.901369
4.976013
4.854350
4.919444
4.958404
4.838383
4.988813
4.731367
4.797145
4.746263
4.720637
4.874822
5.067266
4.832093
4.838511
4.978945
5.079673
4.873405
4.814439
5.127176
5.057501
4.945890
4.815397
4.961720
4.806892
4.935970
4.867112
4.748551
4.800049
4.868123
5.176804
4.909645
4.931179
4.991888
4.707452
4.882990
4.812876
4.974927
4.911983
4.996676
4.807857
4.920517
4.809328
4.859826
4.764926
4.644255
5.037299
5.062351
5.302880
5.069447
4.690700
4.827731
4.731072
5.049853
5.101261
4.991397
4.875933
5.060957
5.128296
5.067036
5.202982
4.864795
4.882618
4.923105
4.940328
5.055765
4.917863
4.805379
4.951104
4.932592
4.825436
5.172762
4.899004
4.876469
5.057583
4.876566
5.011525
4.883437
4.689455
4.865890
5.016931
4.736795
4.929004
4.923833
4.916470
4.894733
4.826956
4.819860
4.611860
4.997158
4.862070
4.889405
4.837593
5.105557
4.838243
5.026663
4.875531
4.907015
4.724865
5.004746
5.021423
4.981836
4.730630
5.012032
5.006558
4.962784
4.602821
4.831721
4.828035
4.988114
4.948930
4.877911
4.860085
5.110524
4.898016
4.979742
5.311422
4.958980
4.575438
5.226019
4.915890
5.043623
4.901669
4.806202
5.012020
4.797291
4.725930
4.909382
4.884813
4.825020
5.132794
4.922037
4.980513
4.942873
4.984575
4.949468
4.982820
4.677413
4.858784
5.111445
4.826015
4.935984
4.687021
4.903278
4.777658
4.669092
4.887433
4.802770
5.025625
4.908350
4.774544
4.925282
4.593067
4.971962
5.136245
4.835837
5.115050
4.816164
4.974783
4.908538
4.932696
4.749932
4.883311
5.020833
4.989559
4.907365
5.007602
4.842746
4.668057
4.873796
4.837572
5.028213
4.979583
4.837348
5.015011
4.867308
4.828466
4.897977
5.113193
5.451924
4.725888
4.784139
4.921474
5.089233
4.799423
4.880423
5.672381
5.035830
4.794031
5.187301
5.238737
5.023282
5.110564
5.094104
4.908783
4.881128
4.846762
4.846442
5.221353
4.933431
5.014565
4.665498
4.799564
4.731065
4.922344
5.052472
4.782381
4.862583
5.490870
5.127450
4.972538
5.143935
4.752942
4.926491
4.936831
5.006297
5.300416
5.082650
5.030957
4.964707
4.933816
5.264398
4.935091
4.996467
4.948561
4.976917
4.986510
4.994921
5.020503
4.859484
4.829806
4.947439
4.817204
5.051992
5.012986
5.114383
4.877924
4.761363
4.806904
4.888420
4.831565
5.182173
4.807347
4.798354
4.909109
4.732941
4.978337
5.047654
4.948793
5.296234
5.195240
5.023150
4.921468
5.002813
4.893886
4.869777
5.008834
5.227900
4.944116
4.933668
4.984619
5.013655
4.861845
4.924425
5.031331
5.019401
4.932958
4.595448
4.912344
5.024013
4.782857
4.717580
4.586211
4.796677
5.066575
5.189714
5.163572
5.062051
5.020710
4.789235
5.146540
4.826782
4.976122
4.904624
4.925767
4.725738
4.772776
4.646437
5.009223
4.772446
4.990294
4.919377
4.824937
5.002350
4.960028
4.887007
4.930509
4.767367
5.073044
4.877230
5.171567
4.797455
4.837074
5.145400
4.905976
5.161213
5.000290
4.861937
4.898466
4.791125
4.961196
5.019147
4.879468
5.037923
4.903900
4.791435
4.804511
5.033040
4.811267
4.702606
4.795185
5.000242
4.643691
4.738599
4.774885
4.782159
4.779577
4.779222
4.871428
5.083869
4.658039
4.877187
4.877897
5.039585
4.594741
5.012719
4.767662
5.148251
5.135754
4.857707
4.818509
5.149163
5.002136
4.985070
5.061190
5.100888
5.061354
5.023320
5.037834
4.806128
4.738938
5.064603
5.065820
5.030864
5.051074
5.025374
4.726810
4.930780
4.985849
4.992473
4.805311
4.928851
5.027240
5.100941
4.957859
4.713559
5.011205
5.260630
4.762605
4.902614
4.718271
4.847390
5.275414
4.865912
4.888752
5.063733
4.746744
4.843232
5.249271
4.717237
4.812576
4.844849
4.935887
5.019893
4.779349
4.870290
4.890155
4.878131
4.931936
4.775871
5.100076
4.823220
4.707316
4.782625
4.717574
4.925012
5.189774
4.690060
4.681647
4.895617
5.253281
4.987977
4.918993
4.853738
5.191917
4.774609
5.062330
4.906766
4.802434
4.886460
4.974346
4.738801
5.232710
4.803379
4.944806
5.037580
4.922492
4.877625
4.977165
5.009907
4.754983
4.883945
5.012296
4.990704
4.953094
4.787139
4.841696
5.027919
4.819539
5.059341
4.927464
5.047521
4.719357
4.615719
5.179959
4.779060
4.761174
4.701564
4.875182
5.004449
4.832281
4.937661
4.690228
4.985725
4.932516
4.842503
4.880973
5.098892
4.991148
5.032754
4.929899
4.990733
4.860084
4.797015
4.758579
5.040584
4.814672
4.842807
4.764492
4.671970
4.693060
4.862566
4.881489
4.834046
4.915220
4.589399
4.535905
4.879013
5.055010
5.050957
4.785475
4.988432
4.658764
4.815195
4.624097
4.646523
5.180757
4.996397
4.751820
4.846596
5.059182
4.902661
4.913281
4.823620
4.701946
4.842341
5.021664
4.799138
4.838671
5.086409
5.108335
4.970456
4.805994
5.076463
4.641292
4.892604
4.871133
4.636137
4.675277
5.162409
4.621508
4.981173
5.018854
4.804662
4.817776
4.819836
4.823864
4.662664
5.039957
4.964922
4.820782
4.893934
4.801257
4.719166
4.848154
5.158216
4.907643
4.763000
4.792585
4.695400
4.863840
4.774212
5.086867
4.948237
4.787236
4.732170
4.641505
4.879626
4.956212
5.030684
4.669797
4.861516
4.914633
4.725627
4.850371
4.947677
4.626771
4.929218
4.725794
4.967232
4.888729
4.906619
4.831093
4.844605
4.933382
4.869657
4.852987
4.689860
5.035506
4.775647
4.685791
4.841377
4.682144
5.083619
4.945175
4.700325
5.196335
4.706206
4.759437
4.887992
4.597181
4.909731
5.168261
4.775838
5.143578
4.806535
4.665326
4.898946
4.763564
4.721193
4.798871
4.758180
4.993864
5.030931
4.495926
4.974179
4.749361
4.934758
4.793283
4.771235
4.907889
4.780368
4.731824
4.933116
5.001801
4.695025
4.947134
4.973011
4.787874
5.037248
4.855404
4.778383
4.970140
4.918079
4.791228
4.896408
4.482506
5.120347
4.773966
4.768091
4.891252
4.788018
5.060471
4.483883
4.784627
5.057247
5.068961
4.937079
4.848963
4.980268
5.019734
5.000663
4.771196
4.780075
4.859851
5.038594
4.783089
4.915390
4.821244
4.675096
4.786776
4.916995
4.726089
5.071743
4.596787
4.781420
4.859244
5.087791
4.977041
4.891431
4.784265
4.722511
4.876472
4.913354
4.581848
4.881129
4.609667
4.803851
5.066673
5.081917
4.874524
4.945566
4.754791
5.120269
4.879889
4.946343
4.939115
5.207353
4.849678
4.559349
4.905429
4.945112
4.757281
5.057355
4.824275
4.750942
4.600137
4.811838
4.896457
4.790617
4.750030
4.773539
4.711096
5.006454
5.148669
4.822431
4.781547
4.704957
4.850433
4.754766
5.184088
5.057162
4.719510
5.090924
4.989750
4.704819
4.886361
4.900653
5.103780
4.978645
5.017211
5.037591
4.843882
4.830784
4.802351
4.838937
4.838881
5.011844
4.831695
4.854926
5.000403
4.783241
4.405533
4.755550
4.876793
5.531303
5.131215
4.925485
5.116096
4.978903
4.932877
4.862100
5.000130
4.921759
4.794232
4.955221
5.020452
4.898522
4.731119
4.891008
4.898215
5.018771
5.085385
4.988264
5.130421
5.069499
5.000311
4.986743
4.757191
4.851481
4.870474
4.928205
5.162061
4.627633
4.922522
4.827811
4.824739
5.021033
4.710230
5.101099
4.940145
5.109712
5.067421
5.014193
4.898169
5.255205
5.038384
4.985997
4.836349
4.883661
5.048992
4.821988
5.195232
5.077753
5.102831
4.825493
5.101161
4.945198
4.943681
4.970796
4.897160
4.939311
5.049359
5.216129
5.024140
4.880454
4.934775
4.889960
4.744492
5.122903
4.955240
4.970718
5.036448
4.734692
4.811872
4.899428
5.052899
4.775306
5.009682
4.846427
4.641718
5.171412
5.268120
5.080807
5.091624
4.903336
4.966384
4.894477
4.870629
4.930111
4.684703
4.899570
4.681820
4.680711
4.651663
5.005893
4.778575
4.871227
4.899592
4.974436
4.669227
4.606757
4.803552
5.192307
4.974280
4.744496
4.946661
4.794815
4.819486
4.977006
4.881291
4.879570
4.682737
4.758867
4.865501
4.872363
4.826022
4.736068
4.743281
4.894360
4.760766
5.003147
4.714191
4.815479
4.922519
4.777966
4.824334
4.734932
4.719482
4.764581
4.928434
4.686357
4.460125
4.667900
4.772058
4.708434
4.792202
4.883063
4.751030
4.683985
4.865743
5.005277
4.822297
4.657011
4.720289
4.846838
4.569536
4.876431
4.883205
4.652221
4.686230
4.871453
4.519493
4.635027
4.937058
4.589637
4.910888
4.988064
4.659074
4.646245
5.049992
4.786963
5.036044
4.885090
4.457452
4.660438
4.830749
4.834188
4.803912
5.049865
4.673379
5.353376
4.804451
4.992157
4.846032
5.108540
5.141421
4.729979
4.867266
5.273622
4.621134
4.857846
4.840055
4.983121
4.628341
5.386489
5.162380
4.934256
5.173742
4.878572
5.153803
4.834721
4.904341
4.846579
4.758008
5.135946
4.948237
4.946538
5.028861
5.065619
5.051311
4.828646
4.863647
5.169761
5.045496
4.874543
4.879667
4.883816
4.927344
4.923532
5.001808
4.896529
5.215136
4.965748
4.838953
5.168698
4.928450
4.886704
4.921119
4.963146
4.685503
4.694013
5.328745
4.812378
5.114552
4.655643
4.933421
4.755420
5.098087
4.911240
4.902430
5.008193
4.989864
5.012795
4.477126
4.992447
4.881873
4.897664
4.763005
4.823173
4.878891
5.005565
5.069921
4.694453
4.651443
4.905375
4.848662
4.911566
4.470023
5.001637
4.479813
4.764143
4.449579
5.080662
4.772394
4.654815
4.807315
4.899237
4.614071
5.003922
4.430521
4.856805
4.680080
4.617478
4.906562
4.973068
4.697674
4.944650
4.641516
4.797345
4.971066
4.889184
4.939893
4.870152
5.032419
4.963505
4.644860
4.981982
4.701597
4.781350
4.935398
4.820604
4.957696
4.827621
4.625663
4.750379
4.926529
4.718821
4.492359
4.844599
4.735102
4.999756
4.604103
4.870914
5.005235
4.761724
4.836224
5.291965
4.976393
4.961342
4.755103
4.770075
4.824047
4.937903
5.155659
4.908741
4.734506
4.948363
5.006014
5.114817
4.837878
4.675519
4.733299
5.278658
4.911205
4.905522
4.931684
5.020639
4.795727
4.906552
4.520422
4.860198
5.042928
4.882071
4.739908
4.770773
5.063743
5.032991
4.658529
4.720863
4.930402
4.936021
4.565005
4.903578
4.979233
4.716285
5.017093
4.962090
4.709189
4.780010
4.608537
5.171691
4.742161
4.703052
4.903971
5.066789
4.867914
4.828413
4.979951
4.826204
5.050332
4.847485
5.002798
4.775920
4.777963
5.165415
4.652838
4.981028
4.847787
4.960142
4.776675
5.095300
4.833405
4.821109
5.008200
5.030128
5.016082
4.810951
4.811927
4.870381
4.935246
4.866444
4.785570
4.944912
4.537381
4.611766
4.678093
4.892666
4.768646
5.003842
4.702747
4.942151
4.781902
4.698533
4.716559
4.842903
4.878776
5.058692
4.884611
4.802166
4.876019
4.850489
4.864774
5.220993
4.791783
5.001581
5.011112
4.650126
4.970091
4.688569
4.739414
4.909422
4.736277
4.855399
4.839211
4.772502
5.072909
5.267934
4.915892
4.873506
5.019389
4.598104
4.923237
5.025313
4.684261
4.932572
4.818061
5.025957
5.036565
4.763992
4.714594
4.805900
4.650110
4.696386
4.900409
4.866117
4.907062
4.812253
5.156162
4.845660
4.671423
4.495090
4.834522
4.805861
5.019934
4.738761
4.902968
4.622221
4.565042
5.016173
4.714400
4.779058
4.734385
4.722046
5.113045
5.009747
4.730232
4.756949
4.565718
4.676089
4.764198
5.024539
4.954912
4.915280
4.795113
4.361259
4.908241
5.021355
4.618140
4.796742
4.702202
4.909356
4.819965
4.996689
4.697004
4.537425
4.767749
4.650164
4.853300
4.986533
4.722075
4.718015
4.813150
4.699109
4.677617
4.756938
4.764477
4.895205
4.792922
4.582988
4.948668
4.859427
5.179616
4.577039
4.722857
4.789776
4.781775
4.993198
4.760908
4.642727
5.192246
4.808466
4.764850
5.089150
4.819289
4.985806
4.912451
4.971464
4.716674
4.937312
5.124339
4.715331
4.931339
4.717537
4.694542
4.582897
4.603678
5.045170
4.638076
4.493740
5.000632
4.851470
4.623098
4.725176
4.658403
4.873909
4.720701
5.115889
4.656054
5.033525
4.920363
4.771576
4.925125
4.706668
4.748609
4.880631
4.614463
5.119576
4.837214
4.723024
4.680220
4.500218
4.746594
5.022068
4.695449
4.946595
4.781270
4.619762
4.794289
4.875750
4.643540
4.891546
4.954005
4.568603
4.658245
5.032310
4.735585
5.002855
4.886713
4.725845
4.932366
4.723185
4.969643
5.055293
4.755530
5.064818
4.644089
4.700402
4.931273
4.764722
5.074425
4.821744
4.791681
4.782308
4.713241
4.666359
4.581671
4.918961
5.019255
4.781347
5.085732
4.997386
4.804031
4.884336
5.123540
4.754255
4.636992
4.696902
4.814205
4.529865
4.979824
4.628934
4.800927
4.794999
4.734880
4.826798
4.741445
4.605051
4.766870
4.639184
4.598401
4.798271
4.676807
4.944242
4.674033
4.725863
4.682662
4.816669
5.011858
4.688526
4.750059
4.813248
4.709015
5.160661
4.538864
4.873221
4.755974
4.794455
4.979671
5.202958
4.440019
4.706773
4.692427
4.706524
4.699781
4.870465
4.929317
4.884752
4.839866
4.586930
5.132339
4.845608
4.822329
5.018495
4.711626
4.982615
4.744425
4.936949
4.878837
4.652483
4.920136
5.093251
5.094105
4.838528
4.646777
4.648634
4.814731
4.720829
4.641173
4.593812
5.161501
4.638867
4.718073
4.602428
4.827520
4.850288
4.482886
4.760355
4.940166
4.700904
4.839298
5.175692
4.769677
4.979204
4.823507
4.985943
4.812716
4.669279
5.168612
4.553604
4.636687
4.807421
4.866882
4.828695
4.942264
4.760402
4.884679
4.628678
4.832579
4.717235
4.539500
4.704102
4.784778
4.529274
5.099527
5.402409
4.836802
5.041916
4.666652
4.843450
4.539285
4.801240
4.903623
4.686136
4.909045
5.070839
5.202273
5.043357
4.850995
4.773111
4.735398
4.740224
4.732762
4.890300
4.931029
5.196922
4.790372
5.142216
5.045015
4.878621
4.739125
4.963679
4.655910
4.759208
5.057010
4.774518
5.043997
4.889729
4.747858
4.634027
4.886863
4.817435
4.941488
4.749233
4.974892
4.692729
4.765894
5.184214
4.907346
4.978076
4.755296
4.958032
4.810030
4.742452
4.594593
4.686913
4.540830
4.748481
4.900709
4.524588
4.670031
4.570713
4.991992
4.982452
4.847762
5.191507
4.928466
4.965052
4.739358
4.763725
4.612823
4.791623
4.630674
4.892332
4.900846
4.826566
4.929439
5.052716
4.746412
4.684286
4.724477
5.014980
4.719458
4.805368
4.930850
4.765933
4.888230
4.823860
4.692980
4.784844
5.148894
4.794506
4.660295
4.922285
4.726304
4.639650
4.767715
4.802511
4.772201
4.931968
4.493094
4.777361
4.740202
4.636939
4.794742
4.829546
4.676922
4.719910
4.449506
4.834864
4.677574
4.952564
4.749891
5.118624
4.762289
4.984719
4.917608
4.731791
4.974190
4.795130
4.681028
4.536375
5.002343
4.760456
4.916480
4.956306
4.991726
5.054138
4.836929
4.773759
4.649273
4.744369
4.819559
4.661962
4.659513
4.907961
4.918729
4.740890
4.999230
4.611816
4.855835
4.864153
4.752956
4.808171
4.749380
4.939729
4.799245
4.786654
4.713052
4.729293
4.652437
4.628361
4.894602
4.675838
4.761260
4.621438
4.661051
4.829422
4.349827
4.819058
5.056270
4.919093
4.583961
4.657693
5.324698
4.716662
4.748555
4.558576
4.750713
4.770832
4.908006
4.577140
4.750985
4.602430
4.871936
4.831294
4.942982
4.624250
4.400180
4.756231
4.713535
4.714969
4.660451
4.608520
4.974425
4.764489
4.837937
4.818188
4.392021
4.587134
5.005870
4.604662
4.880394
4.809274
4.560114
5.120040
4.864037
4.879815
4.707933
4.623224
4.791489
4.721409
4.694210
4.833314
4.580587
4.656245
4.728598
4.813234
4.240820
4.654759
4.903680
4.828812
4.783207
4.806402
4.431810
4.659594
4.551062
4.945627
5.039368
4.730269
4.931825
4.698706
4.774931
4.821377
4.509134
4.880846
4.982676
4.664042
4.679612
4.915120
5.109769
4.895796
4.782324
4.925362
4.682303
4.593576
4.845984
4.701415
4.740267
4.646423
4.786854
4.827781
4.849504
4.514412
4.883064
4.640055
4.765857
4.773161
4.732110
5.009057
4.571465
4.727190
4.615639
5.023376
4.782822
4.720249
4.676961
4.725657
4.690755
4.617595
5.038982
4.680230
4.892735
4.710974
4.716088
4.706697
4.672601
4.694742
4.956353
4.699910
4.716241
4.773736
4.638917
4.625788
4.861738
4.544859
4.848808
4.490741
4.387715
4.678992
4.843803
4.526370
5.021544
4.666127
4.334649
4.624014
4.651372
4.695400
4.640855
4.637296
4.624947
4.455477
4.465643
4.647943
4.732678
4.818266
4.426105
4.828541
4.447242
4.538420
4.977261
4.653959
4.498006
4.662651
5.053747
4.993259
4.810553
4.588221
4.693030
4.743494
4.732355
4.940773
5.083911
4.699398
4.854535
4.795922
4.702464
4.771705
4.607563
4.884933
4.482193
4.824633
4.579020
4.979919
4.659070
4.617538
4.784225
4.767579
5.008697
4.778363
4.853278
4.531358
4.896723
4.631628
4.977780
4.722635
4.516104
4.699080
4.603941
4.723030
4.690687
4.645000
4.753968
4.991100
4.687354
4.727284
4.679281
4.534001
4.427756
4.510056
5.003934
4.550334
5.082306
5.186990
4.551107
4.766084
4.533899
4.637681
4.682920
4.460338
4.527388
4.630680
4.748344
4.811858
4.764953
4.418877
4.780261
4.726019
4.560022
5.071056
4.777831
4.745519
4.756832
4.956291
4.981901
4.798759
4.586329
4.776100
4.767006
4.866838
4.722795
4.575935
4.943811
4.663480
4.707962
5.201248
4.560218
4.915877
4.641429
4.711409
4.773809
4.890945
4.966452
4.822085
4.868325
4.689773
4.855842
4.895358
4.483375
4.728156
4.757808
4.748188
4.597030
4.607796
4.633609
4.509515
4.638627
4.631626
4.670398
4.879328
4.765773
4.575732
4.352835
4.719354
4.575577
4.831066
4.802859
4.563797
4.686163
5.046575
4.583989
4.651715
4.676757
4.809111
4.486561
4.454901
4.388984
4.393770
4.807110
4.555283
4.712541
4.292002
4.340920
4.363567
4.729963
4.724163
4.630670
4.728134
4.557198
4.320239
4.717447
4.771889
4.921718
4.719995
4.874495
4.612814
4.711882
4.926037
4.996379
4.636098
4.721528
4.892559
4.974251
4.890000
4.585912
4.617909
4.514311
4.707347
4.520042
4.843075
4.469031
5.020991
4.649586
4.480752
4.590305
4.850932
4.585335
4.778700
4.720146
4.851328
4.618516
4.858677
4.805224
4.764641
4.753449
5.163753
4.730739
4.580794
4.670650
4.741539
4.892698
4.590460
4.935801
4.534437
4.873072
5.004393
4.681804
4.268764
4.520894
4.410754
4.725050
4.493515
4.727300
4.677793
4.823006
4.749600
4.545164
4.540626
5.153605
4.820164
4.553429
4.816906
4.612401
4.812438
4.931221
4.873104
4.864441
4.840389
4.846611
4.879573
4.695897
4.898267
4.584186
4.864191
5.156362
4.634996
4.856462
4.812770
4.952175
4.610210
4.970321
4.622726
4.458974
4.807226
4.807818
4.910460
4.752912
4.986115
4.564304
5.027174
4.839074
4.565359
4.855649
4.639438
4.728127
4.857823
4.457317
4.717242
4.634810
4.813704
4.895752
5.092636
4.547466
4.571107
4.873827
4.983683
4.663352
4.729975
4.802346
4.535037
4.651031
4.768253
4.982616
4.860477
4.619423
4.806684
4.801678
4.583604
4.782572
4.649118
4.768346
4.854603
4.583343
4.640410
4.521318
4.479584
4.627256
4.523030
4.618514
4.722433
4.557652
4.937885
4.365148
4.659286
4.528203
4.506997
4.785203
4.698586
4.968919
4.762069
5.051431
4.757171
4.573925
4.564029
4.803916
4.824529
4.705408
4.512496
4.788421
4.705178
4.427640
4.579690
4.584250
4.749153
4.671157
4.533965
4.787284
5.029064
5.060372
4.347643
4.702293
4.659042
4.788945
4.707942
4.677545
4.922585
4.917079
4.652638
4.743953
4.482340
4.828818
4.430129
4.462903
4.538325
4.684792
4.579376
4.515653
4.605160
5.014707
4.702433
4.675068
4.989264
4.829585
4.679070
4.561728
4.555602
4.829441
4.831043
4.495434
4.761826
4.681291
4.507638
4.688398
4.726744
4.449079
4.790408
4.771939
4.993897
4.815270
4.431020
5.127381
4.622183
4.460556
4.742575
4.545971
4.879106
4.830516
4.662880
4.997287
4.802674
5.061169
4.813550
4.830812
5.191031
4.572271
4.789990
4.419309
4.466461
4.504741
4.651845
4.866707
4.875608
4.747374
4.729167
4.917605
4.605627
4.804037
4.608505
4.690637
4.769174
4.804177
4.590478
4.658275
4.485753
4.669073
4.828865
4.775960
5.048742
4.705096
4.662647
4.713929
4.454489
5.081247
4.614355
4.793739
4.698586
4.843713
4.948025
4.692731
4.802310
4.635721
5.040623
4.756972
4.776536
4.925800
5.185398
4.943474
4.771306
4.698650
4.797764
4.675867
4.808413
4.562881
4.650834
5.162250
4.444367
4.900405
4.784861
4.343803
4.693577
4.534718
4.700137
4.774505
4.446804
4.706017
4.745565
4.650455
4.633524
4.549544
4.550334
4.843328
4.633049
4.605143
4.751236
4.726140
4.596990
4.697349
4.786644
4.494642
4.835402
4.416759
4.905272
4.454567
4.719686
5.029535
4.726919
4.802896
4.636122
4.505796
4.554771
5.058039
4.662253
4.708435
4.707569
4.860847
4.399773
5.096045
4.750812
4.684776
4.677063
4.647933
4.544110
4.609141
4.597491
4.761636
4.691836
4.478751
4.849092
4.676785
5.021212
4.701876
4.399843
4.369900
4.505767
4.944821
4.732162
4.712507
4.657129
4.785663
4.390537
4.670408
4.612237
4.533231
4.705911
4.516622
4.627938
4.693704
4.644328
4.649742
5.082010
4.441232
4.856321
4.496676
4.352188
4.837015
4.421679
4.490271
4.534269
4.722611
4.764071
4.593833
4.675074
4.654978
4.827217
4.675587
4.654552
4.478456
4.391837
4.607558
4.951333
4.844934
4.860598
4.567879
4.887789
4.724534
4.611365
4.755430
4.896270
4.766704
4.691041
4.715891
4.780178
4.812652
4.664530
4.795411
4.672919
4.651205
4.751788
4.757715
4.853714
4.474080
4.889153
4.649874
4.360614
4.894899
4.916409
4.629679
4.496169
4.839235
4.806508
4.240348
4.766264
4.920660
4.803466
5.010311
4.672869
4.668304
4.703765
4.249008
4.895468
4.625991
4.641035
4.801254
4.528364
4.697165
4.887667
4.459699
4.627362
4.883396
4.715769
4.749036
4.611284
4.728848
4.742625
4.445842
4.662916
4.627093
4.325427
5.093053
4.655466
4.778309
4.688136
4.544808
4.610804
4.712020
4.506939
4.246062
4.599000
4.555866
4.715065
4.748848
4.614720
4.645181
4.409394
4.570219
4.521730
4.981718
4.563843
4.680996
4.491749
4.677558
4.686474
4.679483
4.761633
4.901380
4.959632
4.599994
4.720088
4.492221
4.782321
4.742608
4.650141
4.723066
4.761081
4.561396
4.625610
4.598933
4.731934
4.668650
4.778003
4.520941
4.558724
4.844720
4.696928
4.673827
4.956174
4.781456
4.487446
4.919888
4.972296
4.908690
4.757776
4.933685
4.477390
4.625580
4.797828
4.987798
4.529684
4.644730
4.684896
4.666301
4.876346
4.904991
4.807508
4.658053
4.750556
4.726433
4.757989
4.582693
4.879752
4.743556
4.816312
5.024712
4.682338
4.610788
4.721574
4.786087
4.861856
4.515004
4.941109
4.445382
4.719611
4.612256
4.874761
4.670532
4.657713
4.776569
4.683469
4.656679
4.877364
5.077282
4.730587
4.954298
4.851306
4.586718
4.962409
4.488783
4.362695
4.410269
4.687973
4.182874
4.374976
4.538176
4.977044
4.623161
4.697525
4.626113
5.060928
4.963608
4.612769
4.740732
4.906231
4.487077
4.516105
4.754665
4.781302
4.668685
4.240482
4.543575
4.655451
4.571856
4.611288
4.487294
4.905785
4.584848
4.872769
4.753769
4.668843
4.697388
4.692668
4.580255
4.402215
4.630347
4.510054
4.899228
4.977369
4.774714
4.469617
4.774156
4.854445
4.607741
4.505961
4.529386
4.632030
4.407730
4.624855
4.648809
4.272719
4.471404
4.649247
4.395395
4.400849
4.413905
4.309691
4.335223
4.855368
4.567058
4.668052
4.649301
4.564926
4.484741
4.492167
4.667593
4.616982
4.593350
4.650597
4.247576
4.665770
4.771732
4.630325
4.974413
4.651525
4.691353
4.632509
4.884983
5.074162
4.564042
4.608160
4.715172
4.888972
4.714383
4.669255
4.681954
4.676672
4.695153
4.694289
4.786510
4.799512
4.902394
4.882520
4.498522
4.835637
4.628902
4.924554
4.504242
4.624427
5.135093
4.663268
4.855298
4.780291
4.873632
4.520722
4.648039
4.535505
5.129282
4.819909
4.656048
4.712785
4.614975
4.552658
4.556664
4.535612
4.469873
4.350924
4.640261
4.740440
4.635420
4.881522
4.477234
4.690224
4.748112
4.654889
4.652898
4.717409
4.428394
4.615664
4.675606
4.615231
4.594458
5.032980
4.566776
4.512344
4.673770
4.700830
4.490443
4.266426
4.534367
4.755785
4.658691
4.860985
4.741474
4.643051
4.591261
4.587500
4.494915
4.605651
4.558702
4.587141
4.624519
4.399879
4.268739
4.534098
4.923239
4.387529
4.167321
4.422316
4.639034
4.416302
4.520440
4.405619
4.734098
5.144068
4.451546
4.690608
4.887018
4.624236
4.355219
4.842490
4.601215
4.534072
4.562455
4.351894
4.263347
4.970409
4.562076
4.429144
4.669010
4.553225
4.333275
4.368471
4.628241
4.514685
4.699873
4.676312
4.491793
4.389312
4.752390
4.642736
4.872790
4.840340
4.501637
4.417429
4.564552
4.685686
4.591248
4.712810
4.433920
4.577348
4.405077
4.828202
4.555017
4.582486
4.572372
4.632717
4.484422
4.540760
4.467490
4.601095
4.416671
4.599690
4.641438
4.597579
4.789192
4.885704
4.419060
4.693210
4.378747
4.941337
4.529581
4.710350
4.757296
4.952340
4.341241
4.792880
4.854819
4.928724
4.577193
4.758166
4.901331
4.359378
4.515803
4.735325
4.485111
4.799335
4.827560
4.387819
4.465716
4.391929
4.666792
4.397059
4.515478
4.659595
5.008535
4.637303
4.542057
4.375771
4.531945
4.416766
4.995625
4.842797
4.612514
4.690255
4.798460
4.653883
4.637947
3.985327
4.987638
4.566383
4.572899
4.862736
4.694400
4.569463
4.704872
4.569055
4.688488
4.833577
4.842503
4.837177
4.671796
4.749096
4.695000
4.442395
4.437410
4.608118
5.099339
4.809911
4.860130
4.694458
4.552768
4.614013
4.534267
4.683225
4.680724
4.595888
4.733575
4.416477
4.922819
4.373812
4.848522
4.691593
4.342172
4.822330
5.084379
4.804536
4.426530
4.454068
4.619147
4.577053
4.564868
4.544734
4.519155
4.383168
4.629100
4.498405
4.738056
4.412828
4.888366
4.527029
4.257480
4.477989
4.411034
4.616389
4.567917
4.781558
4.395986
4.752774
4.947425
4.397916
4.469429
4.579555
4.328289
4.827585
4.552646
4.547391
4.614182
4.798419
4.457434
4.497430
4.686791
4.399406
4.490986
4.785996
4.742690
4.534751
4.314204
4.785488
4.529858
4.552632
4.588809
4.680091
4.593223
4.541001
4.855700
4.558812
4.436393
4.653441
4.407516
4.677990
4.535456
4.586256
4.775480
4.481472
4.380764
4.518493
4.577444
4.723652
4.631281
4.472982
4.755621
4.801716
4.592998
4.852342
4.658292
4.502645
4.617960
4.775551
4.851096
4.507435
4.391249
4.607279
4.580074
4.833381
4.412869
4.629151
4.565573
4.454727
4.671315
4.500551
4.425168
4.425758
4.220712
4.566803
4.254479
4.468122
4.359893
4.491244
4.542394
4.568083
4.821056
4.799073
4.279050
4.509856
4.552879
4.505868
4.370950
4.354625
4.657885
4.442102
4.261144
4.598160
4.730425
4.831062
4.281130
4.539021
4.512295
4.589696
4.409043
4.605751
4.825143
4.629347
4.491559
4.563641
4.725107
4.726667
4.410948
4.763066
4.444497
4.633882
4.468403
4.302542
4.370231
4.593924
4.415240
4.830779
4.715394
4.594044
4.514277
4.624866
4.614127
4.644357
4.302613
4.448618
4.714695
4.273323
4.897141
4.500340
4.557274
4.998119
4.413172
4.882724
4.606107
4.474287
4.321255
4.592115
4.595986
4.507212
4.505080
4.264687
4.623174
4.203822
4.491049
4.350307
4.244313
4.712530
4.390425
4.541280
4.596958
4.365766
4.474602
4.403172
4.557377
4.776409
4.661272
4.451425
4.614414
4.386216
4.214066
4.316762
4.526587
4.239973
4.269648
4.151531
4.028311
3.944569
4.207912
4.415350
4.514245
4.309040
4.062624
4.169927
4.143774
4.180303
4.446298
4.187607
4.181267
4.450304
4.259019
4.273677
4.190202
4.162754
4.232182
4.157973
4.233031
3.980589
4.144274
3.991586
3.925618
3.842435
4.238616
3.821923
3.748836
4.302114
4.034854
3.887116
3.620732
4.032104
4.058344
4.005990
4.079011
3.982391
3.896894
3.818542
3.986057
4.020540
4.274564
3.990594
3.893348
4.084789
4.057997
4.081550
4.009226
3.889094
4.138239
4.152219
3.814009
3.908020
4.010399
4.096969
3.972121
4.051653
3.745998
3.847193
3.918545
4.147006
3.771169
4.152416
3.798338
4.240008
4.054002
3.869216
3.833906
4.043496
3.970565
4.025396
3.847962
3.804771
3.981290
3.947712
3.912321
3.870304
3.929404
4.147277
3.774507
3.738752
4.051009
4.191373
3.999439
3.970613
3.802220
4.198931
4.064845
3.806055
3.936350
3.905250
3.830684
3.866401
4.070142
3.986301
3.818097
3.728895
3.805963
3.771134
3.941435
4.069340
3.972700
4.064259
4.158722
4.073348
4.310503
4.159892
3.945300
3.937969
4.026067
3.679016
3.988015
3.685343
3.859771
3.754484
3.934836
3.944477
3.891729
4.070057
4.442688
3.898861
4.121490
3.999082
3.925171
3.988375
4.304526
4.046211
4.023875
4.052613
4.163537
4.104725
3.821705
3.778277
3.970441
3.751543
4.273236
4.026951
4.064849
3.627602
3.760208
3.851724
4.078224
3.701977
3.728702
3.817232
3.826866
3.920740
3.712774
4.039402
4.001854
3.729051
4.196001
3.900723
3.917642
3.810017
3.872145
3.908315
3.837437
3.957464
4.081178
3.780233
3.961331
4.107459
3.976814
4.172363
3.727127
3.798137
3.860674
3.903430
4.059311
3.838342
4.039071
3.789726
3.775569
3.890562
3.907969
3.872222
3.657946
3.913853
3.772789
4.252877
3.894259
3.815144
3.735652
4.066483
3.766337
3.819274
4.049788
3.758639
3.883706
3.585452
3.978186
3.819821
3.795062
3.591460
3.967247
3.786702
3.821878
4.035671
3.871664
3.482285
3.836463
3.731887
4.047679
3.843638
3.745200
4.124936
3.847157
3.740928
3.826271
3.631808
3.793816
3.731441
3.900076
3.720479
3.836895
3.953569
3.881773
3.794578
3.711644
3.712576
3.891103
3.572022
3.706000
3.737830
3.812279
3.893705
3.823529
3.787270
3.788765
3.807299
3.876884
3.991239
3.782103
3.800032
3.946587
3.963135
3.805861
3.981834
3.842058
3.835982
3.942039
3.715304
4.115292
3.769684
3.878751
3.753158
3.909960
3.725902
3.692425
3.563247
3.751956
4.150830
3.834623
4.119956
3.893033
3.931208
3.898455
3.819427
3.825976
3.663164
3.863781
4.026929
3.898163
3.917906
3.638509
3.806051
3.925042
3.626172
3.786585
3.650522
3.901755
3.612650
4.210235
3.775927
3.943455
3.666295
3.849266
3.792158
3.780462
3.702379
3.928058
3.772476
4.032741
3.694049
3.971155
3.702349
3.826452
3.864742
3.726654
3.768623
3.738350
3.684116
3.948900
3.796036
3.680503
3.713223
3.783050
3.912364
3.752133
3.780887
3.706238
3.882154
3.796345
3.741263
3.696222
3.646131
3.732480
3.658343
4.056774
3.663053
3.976637
3.745413
4.273521
3.976263
3.889881
3.852362
3.730258
4.021282
3.752046
3.802965
3.821507
3.742807
4.081552
3.517866
3.640436
3.536551
3.520955
3.659156
3.771244
3.910139
3.393703
3.649140
3.668725
3.655059
3.813079
3.900133
3.776463
3.756808
3.811990
3.666799
3.781934
3.836132
3.791020
3.966315
3.684843
3.956883
3.765191
3.558761
3.358860
3.622985
3.958504
3.775950
3.880795
3.855235
3.564510
3.661886
3.999679
3.910928
3.818976
3.727160
3.875907
3.859639
3.807112
3.823620
3.777761
3.726039
3.801476
3.689042
3.649872
3.646902
3.865620
3.856209
3.654263
3.780342
4.078812
3.760051
3.605798
3.479478
3.573814
3.847057
3.755272
3.748281
3.791761
3.753726
3.866119
3.823956
3.666954
3.516208
3.586219
3.564155
3.828058
3.641124
3.490214
3.647197
3.495158
3.566688
3.857726
4.087240
3.939515
3.624146
3.556627
3.784628
3.606153
3.585704
3.727353
3.763984
3.746807
3.790164
3.467929
3.463249
3.690323
3.716843
3.755020
3.827154
3.790837
3.768011
3.931091
3.819989
3.423378
3.817943
3.737412
3.519777
3.728003
3.671724
3.684658
4.094157
3.691814
3.900069
3.785432
3.876422
3.703068
3.876551
3.653047
3.830121
3.862821
3.366249
3.702914
3.661614
3.569257
3.744424
3.528452
3.915829
3.632366
3.828301
3.856899
3.781610
3.579063
3.673593
3.497511
3.820726
3.948735
3.826558
3.724208
3.677897
3.571884
3.961966
3.533666
3.909717
3.418452
3.675094
3.966148
3.879339
3.539455
3.597446
3.570287
3.548213
3.897771
3.847097
3.779196
3.895039
3.601054
3.834329
3.793660
3.911265
3.929468
3.934406
3.819052
3.906470
3.874698
3.660177
3.798804
3.732035
3.682348
3.804659
3.800065
3.550272
3.908359
3.763074
3.858656
3.559938
3.532885
3.481424
3.816422
3.738756
3.366067
4.067469
3.575998
3.585676
3.748799
3.689371
3.418336
3.565988
3.649785
3.496972
3.947091
3.548097
3.678738
3.499499
3.598791
3.499873
3.666976
3.790655
3.957565
3.512697
3.746879
3.381901
3.773410
3.734169
3.644790
3.607312
3.728276
3.477353
3.420605
3.725777
3.722809
3.565609
